image: mymap.pgm
resolution: 0.050000
origin: [-8.268774, -9.088063, 0.0]
negate: 0
occupied_thresh: 0.65
free_thresh: 0.196
